70000
OSTATECZNY Tworzenia - szukaniaBST - usuwania - szukaniaBBST 0.7761	5.32677e-007	0.0553386	4.2898e-007
90000
OSTATECZNY Tworzenia - szukaniaBST - usuwania - szukaniaBBST 0.758034	3.27894e-007	0.0368589	2.41624e-007
85000
  0.71259	3.19507e-007	0.0348983	2.44455e-007
80000
  0.665254	3.17686e-007	0.0322729	2.41937e-007
75000
  0.623156	3.10971e-007	0.0301894	2.41016e-007
70000
  0.577924	2.94579e-007	0.0272174	2.28553e-007
65000
  0.540535	2.9372e-007	0.0257147	2.34315e-007
60000
  0.4921	2.84214e-007	0.0222498	2.25462e-007
55000
  0.44767	2.67642e-007	0.0198891	2.23625e-007
50000
  0.405595	2.59089e-007	0.0171546	2.20975e-007
45000
  0.361793	2.535e-007	0.0151899	2.17301e-007
40000
  0.319116	2.42105e-007	0.0127232	2.10766e-007
35000
  0.275944	2.34209e-007	0.0110035	2.08767e-007
30000
  0.234138	2.1578e-007	0.00868396	2.00067e-007
25000
  0.19353	2.07645e-007	0.00674622	1.8809e-007
20000
  0.153191	1.96152e-007	0.00493754	1.79199e-007
15000
  0.112438	1.80816e-007	0.00346767	1.54589e-007
10000
  0.0732613	1.60514e-007	0.00212359	1.42202e-007
5000
  0.0355234	1.57578e-007	0.00093366	1.18474e-007
157
  0.00134798	9.45732e-008	2.25849e-005	6.90638e-008
100000
  0.321983	3.44367e-007	0.0427435	2.4963e-007
61
  0.0012156	5.03606e-009	5.23378e-007	3.5439e-009
61
  0.00116891	4.84954e-009	7.62311e-007	3.35738e-009
61
  0.00135177	1.86521e-009	1.82044e-007	1.49217e-009
