0.0104264	0.2 500
0.0361097	0.2 1000
0.079892	0.2 1500
0.140019	0.2 2000
0.221403	0.2 2500
0.319416	0.2 3000
0.443312	0.2 3500
0.593803	0.2 4000
0.759376	0.2 4500
0.958154	0.2 5000
1.35636	0.2 5500
1.45521	0.2 6000
1.70894	0.2 6500
2.02286	0.2 7000
2.39691	0.2 7500
2.83029	0.2 8000
3.32831	0.2 8500
3.93007	0.2 9000
4.63167	0.2 9500
5.43087	0.2 10000
0.0141099	0.3 500
0.0520803	0.3 1000
0.114761	0.3 1500
0.205227	0.3 2000
0.32673	0.3 2500
0.487578	0.3 3000
0.682831	0.3 3500
0.929676	0.3 4000
1.14078	0.3 4500
1.4529	0.3 5000
1.85894	0.3 5500
2.33539	0.3 6000
2.85153	0.3 6500
3.44036	0.3 7000
4.20305	0.3 7500
0.00314851	0.2 250
0.0107192	0.2 500
0.0212592	0.2 750
0.0354856	0.2 1000
0.0550737	0.2 1250
0.0772114	0.2 1500
0.105485	0.2 1750
0.136288	0.2 2000
0.171964	0.2 2250
0.217866	0.2 2500
0.266774	0.2 2750
0.318063	0.2 3000
0.38004	0.2 3250
0.442109	0.2 3500
0.515056	0.2 3750
0.589912	0.2 4000
0.671125	0.2 4250
0.75449	0.2 4500
0.857421	0.2 4750
0.954598	0.2 5000
0.00470428	0.3 250
0.0142628	0.3 500
0.0298971	0.3 750
0.0490277	0.3 1000
0.0773512	0.3 1250
0.109334	0.3 1500
0.149824	0.3 1750
0.201438	0.3 2000
0.255155	0.3 2250
0.317092	0.3 2500
0.391352	0.3 2750
0.468037	0.3 3000
0.55461	0.3 3250
0.648249	0.3 3500
0.76008	0.3 3750
0.867439	0.3 4000
0.983013	0.3 4250
1.10735	0.3 4500
1.25222	0.3 4750
1.38862	0.3 5000
0.00572393	0.4 250
0.016517	0.4 500
0.0382011	0.4 750
0.0642338	0.4 1000
0.10071	0.4 1250
0.148333	0.4 1500
0.199534	0.4 1750
0.262452	0.4 2000
0.334141	0.4 2250
0.418825	0.4 2500
0.509433	0.4 2750
0.617242	0.4 3000
0.731578	0.4 3250
0.859456	0.4 3500
0.993836	0.4 3750
1.1436	0.4 4000
1.29846	0.4 4250
1.46745	0.4 4500
1.71032	0.4 4750
1.90505	0.4 5000
0.00573892	0.6 250
0.0240244	0.6 500
0.0452179	0.6 750
0.0808657	0.6 1000
0.126307	0.6 1250
0.1895	0.6 1500
0.254444	0.6 1750
0.340128	0.6 2000
0.429862	0.6 2250
0.552336	0.6 2500
0.663122	0.6 2750
0.844868	0.6 3000
0.966604	0.6 3250
1.22262	0.6 3500
1.32992	0.6 3750
1.67555	0.6 4000
1.79339	0.6 4250
2.21434	0.6 4500
2.51409	0.6 4750

2.95781	0.6 5000
0.00563749	0.8 250
0.0230985	0.8 500
0.0466192	0.8 750
0.0809448	0.8 1000
0.125261	0.8 1250
0.185559	0.8 1500
0.250363	0.8 1750
0.330959	0.8 2000
0.423291	0.8 2250
0.537562	0.8 2500
0.657593	0.8 2750
0.822985	0.8 3000
0.960275	0.8 3250
1.17833	0.8 3500
1.33442	0.8 3750
1.68031	0.8 4000
1.79422	0.8 4250
2.19608	0.8 4500
2.50604	0.8 4750
2.99703	0.8 5000
0.00630707	0.95 250
0.0220046	0.95 500
0.0448733	0.95 750
0.0799422	0.95 1000
0.125707	0.95 1250
0.188579	0.95 1500
0.254246	0.95 1750
0.341219	0.95 2000
0.43479	0.95 2250
0.559651	0.95 2500
0.675926	0.95 2750
0.873096	0.95 3000
0.994686	0.95 3250
1.24641	0.95 3500
1.38074	0.95 3750
1.73056	0.95 4000
1.81324	0.95 4250
2.24047	0.95 4500
2.53138	0.95 4750
3.01706	0.95 5000
