
10
0.00616395
15
0.00708705
20
0.0097337
25
0.3164323
30
13.634483
35
29,0354
40
19,0111
45
34,5263
50
20,4673
55
21,098
60
28,62
65
16,799



0.8 10
0.00699138
0.8 15
0.00702375
0.8 20
0.00944031
0.8 25
0.0100831
0.8 30
0.0120729
0.8 35
0.0143238
0.8 40
0.0132324
0.8 45
0.0143175
0.8 50
0.0217336
0.8 55
0.0172354
0.8 60
0.0175462
0.8 65
0.0230195
0.8 70
0.0204481
0.8 75
0.0208078
0.8 80
0.0222724
0.8 85
0.0217113
0.8 90
0.0398275
0.8 95
0.0751835
0.8 100
0.0270086
0.8 105
0.0290959
0.8 110
0.0312995
0.8 115
0.181564
0.8 120
0.0811794
0.95 10
0.00716904
0.95 15
0.00690345
0.95 20
0.008682
0.95 25
0.0100612
0.95 30
0.0117172
0.95 35
0.0123984
0.95 40
0.012877
0.95 45
0.0146503
0.95 50
0.0145099
0.95 55
0.0295201
0.95 60
0.0178497
0.95 65
0.023046
0.95 70
0.0196337
0.95 75
0.0209591
0.95 80
0.0253057
0.95 85
0.0235411
0.95 90
0.0238631
0.95 95
0.0278483
0.95 100
0.0283671
0.95 105
0.0273606
0.95 110
0.0300459
0.95 115
0.0286257
0.95 120
0.029427
0.4 10
0.00666897
0.4 15
0.00798909
0.4 20
0.0774874
0.4 25
0.110412
0.4 30
0.101932
0.4 35
0.090405
0.4 40
0.0279681
0.4 45
15.3394
0.4 50
0.0261207
0.4 55
0.0511493
0.4 60
2.58091
0.4 65
0.060341
0.4 70
0.513858
0.4 75
5.35797
0.4 80
3.68598
0.6 10
0.00751809
0.6 15
0.0113869
0.6 20
0.0109917
0.6 25
0.0220985
0.6 30
0.0104302
0.6 35
0.165813
0.6 40
0.0241543
0.6 45
0.0171482
0.6 50
2.86417
0.6 55
0.0292589
0.6 60
0.0252169
0.6 65
0.0939367
0.6 70
0.0568474
0.6 75
0.0386853
0.6 80
0.0221898
0.6 85
0.0298063
0.6 90
1.99844
0.6 95
0.0385448
0.6 100
11.4331
10
0.00906964
15
0.0110013
20
0.0299184
10
0.00800855
10
0.00974108
10
0.008249
10
0.0088967
10
0.00879062
15
0.00955301
20
0.012109
25
0.84788
0.00944644	10 0.3
0.0110261	15 0.3
0.0274288	20 0.3
0.00542674	10 0.3
0.00744816	15 0.3
0.022331	20 0.3
0.0061567	10 0.3
0.00716295	15 0.3
0.0704384	20 0.3
0.965294	25 0.3
4.99537	30 0.3
8.51383	35 0.3
1.40105	40 0.3
8.0956	45 0.3
3.70896	50 0.3
18.8028	55 0.3
1.86515	60 0.3
5.10788	65 0.3
4.01992	70 0.3
0.510185	75 0.3
21.6166	80 0.3
24.1746	85 0.3
21.2167	90 0.3
39.0013	95 0.3
0.262035	100 0.3



22.9684	70 0.2

0.0133327	10 0.2
0.0169571	15 0.2
0.00777622	10 0.2
0.00920553	15 0.2
0.0179569	20 0.2
0.257654	25 0.2
3.72121	30 0.2
73.5543	35 0.2
0.0109928	10 0.2
0.0162093	15 0.2
0.0168244	20 0.2
0.477522	25 0.2
0.00616964	10 0.2
0.00677713	15 0.2
0.00951227	20 0.2
0.782723	25 0.2
0.227352	30 0.2
98.519	35 0.2
96.0681	40 0.2
63.4916	45 0.2
166.009	50 0.2
181.09	55 0.2
120.241	60 0.2
139.162	65 0.2
208.568	70 0.2
141.853	75 0.2
172.472	80 0.2
243.56	85 0.2
128.229	90 0.2
188.131	95 0.2
170.071	100 0.2
0.00710379	10 0.3
0.00657924	15 0.3
0.038825	20 0.3
2.35269	25 0.3
62.4358	30 0.3
20.432	35 0.3
0.00489874	10 0.95
0.0056056	15 0.95
0.00559847	20 0.95
0.00568464	25 0.95
0.00592729	30 0.95
0.00850075	35 0.95
0.00925275	40 0.95
0.00963223	45 0.95
0.0106086	50 0.95
0.0102733	55 0.95
0.012536	60 0.95
0.0166762	65 0.95
0.0139427	70 0.95
0.0134255	75 0.95
0.0154248	80 0.95
0.0163127	85 0.95
0.0218553	90 0.95
0.0916879	95 0.95
0.0184422	100 0.95
0.00475982	10 0.8
0.00407032	15 0.8
0.00581677	20 0.8
0.00557818	25 0.8
0.00549209	30 0.8
0.0102766	35 0.8
0.00845513	40 0.8
0.0109154	45 0.8
0.0112219	50 0.8
0.0100426	55 0.8
0.0126695	60 0.8
20.0132	65 0.8
0.0144342	70 0.8
0.0154313	75 0.8
0.0183124	80 0.8
0.0152643	85 0.8
0.0176241	90 0.8
0.0816459	95 0.8
0.0182291	100 0.8
0.00579967	10 0.6
0.00443388	15 0.6
0.00655337	20 0.6
3.30639	25 0.6
0.00700143	30 0.6
0.086422	35 0.6
4.62187	40 0.6
0.009276	45 0.6
0.0112024	50 0.6
0.0117019	55 0.6
0.973373	60 0.6
8.37145	65 0.6
0.193585	70 0.6
0.0155431	75 0.6
0.0402375	80 0.6
0.0169786	85 0.6
0.0390732	90 0.6
20.0431	95 0.6
0.0188617	100 0.6
0.00432928	10 0.4
0.0055277	15 0.4
0.0329043	20 0.4
20.1337	25 0.4
0.00933599	30 0.4
0.0389924	35 0.4
25.2441	40 0.4
0.319561	45 0.4
4.13806	50 0.4
21.5847	55 0.4
0.132623	60 0.4
20.0908	65 0.4
0.269704	70 0.4
10.4833	75 0.4
30.5144	80 0.4
20.4836	85 0.4
0.633956	90 0.4
20.5777	95 0.4
4.44917	100 0.4
